31.09463087248322
20.825503355704697
15.008724832214764
13.931543624161073
12.495302013422817
12.136241610738255
9.40738255033557
8.402013422818792
8.402013422818792
8.402013422818792
8.042953020134227
7.899328859060402
7.540268456375839
7.540268456375839
7.540268456375839
6.965771812080536
6.750335570469798
5.960402684563758
5.314093959731543
5.24228187919463
4.9550335570469795
4.883221476510067
4.308724832214764
4.236912751677852
4.165100671140939
4.021476510067114
3.949664429530201
3.8778523489932883
3.8778523489932883
3.734228187919463
3.734228187919463
3.734228187919463
3.590604026845637
3.590604026845637
3.590604026845637
3.3033557046979865
3.2315436241610738
3.2315436241610738
3.159731543624161
3.159731543624161
3.159731543624161
3.159731543624161
3.087919463087248
3.087919463087248
3.0161073825503353
3.0161073825503353
2.9442953020134226
2.9442953020134226
2.9442953020134226
2.87248322147651
2.7288590604026846
2.7288590604026846
2.7288590604026846
2.7288590604026846
2.7288590604026846
2.513422818791946
2.4416107382550334
2.4416107382550334
2.4416107382550334
2.3697986577181207
2.297986577181208
2.297986577181208
2.297986577181208
2.2261744966442953
2.2261744966442953
2.2261744966442953
2.2261744966442953
2.2261744966442953
2.2261744966442953
2.154362416107382
2.0825503355704695
2.0825503355704695
2.0825503355704695
2.0825503355704695
2.0825503355704695
2.0825503355704695
2.0825503355704695
2.010738255033557
1.9389261744966442
1.9389261744966442
1.9389261744966442
1.8671140939597315
1.7953020134228186
1.723489932885906
1.723489932885906
1.723489932885906
1.723489932885906
1.723489932885906
1.6516778523489932
1.6516778523489932
1.6516778523489932
1.5798657718120805
1.5798657718120805
1.5798657718120805
1.5798657718120805
1.5080536912751676
1.5080536912751676
1.436241610738255
1.436241610738255
1.436241610738255
1.436241610738255
1.436241610738255
1.436241610738255
1.436241610738255
1.436241610738255
1.3644295302013423
1.3644295302013423
1.3644295302013423
1.3644295302013423
1.3644295302013423
1.3644295302013423
1.2926174496644294
1.2926174496644294
1.2208053691275167
1.2208053691275167
1.2208053691275167
1.2208053691275167
1.2208053691275167
1.148993288590604
1.148993288590604
1.148993288590604
1.148993288590604
1.148993288590604
1.148993288590604
1.148993288590604
1.148993288590604
1.148993288590604
1.077181208053691
1.077181208053691
1.077181208053691
1.077181208053691
1.077181208053691
1.077181208053691
1.077181208053691
1.077181208053691
1.077181208053691
1.077181208053691
1.077181208053691
1.077181208053691
1.077181208053691
1.0053691275167784
1.0053691275167784
1.0053691275167784
1.0053691275167784
1.0053691275167784
1.0053691275167784
1.0053691275167784
1.0053691275167784
1.0053691275167784
1.0053691275167784
1.0053691275167784
1.0053691275167784
1.0053691275167784
1.0053691275167784
1.0053691275167784
0.9335570469798657
0.9335570469798657
0.9335570469798657
0.9335570469798657
0.9335570469798657
0.9335570469798657
0.9335570469798657
0.9335570469798657
0.9335570469798657
0.9335570469798657
0.9335570469798657
0.9335570469798657
0.9335570469798657
0.9335570469798657
0.9335570469798657
0.9335570469798657
0.9335570469798657
0.9335570469798657
0.9335570469798657
0.9335570469798657
0.861744966442953
0.861744966442953
0.861744966442953
0.861744966442953
0.861744966442953
0.861744966442953
0.861744966442953
0.861744966442953
0.861744966442953
0.861744966442953
0.861744966442953
0.861744966442953
0.861744966442953
0.861744966442953
0.861744966442953
0.7899328859060403
0.7899328859060403
0.7899328859060403
0.7899328859060403
0.7899328859060403
0.7899328859060403
0.7899328859060403
0.7899328859060403
0.7899328859060403
0.7899328859060403
0.7899328859060403
0.7899328859060403
0.7899328859060403
0.7181208053691275
0.7181208053691275
0.7181208053691275
0.7181208053691275
0.7181208053691275
0.7181208053691275
0.7181208053691275
0.7181208053691275
0.7181208053691275
0.7181208053691275
0.7181208053691275
0.7181208053691275
0.7181208053691275
0.7181208053691275
0.7181208053691275
0.7181208053691275
0.7181208053691275
0.7181208053691275
0.7181208053691275
0.7181208053691275
0.7181208053691275
0.7181208053691275
0.7181208053691275
0.7181208053691275
0.7181208053691275
0.7181208053691275
0.7181208053691275
0.7181208053691275
0.7181208053691275
0.7181208053691275
0.7181208053691275
0.6463087248322147
0.6463087248322147
0.6463087248322147
0.6463087248322147
0.6463087248322147
0.6463087248322147
0.6463087248322147
0.6463087248322147
0.6463087248322147
0.6463087248322147
0.6463087248322147
0.6463087248322147
0.6463087248322147
0.6463087248322147
0.6463087248322147
0.6463087248322147
0.574496644295302
0.574496644295302
0.574496644295302
0.574496644295302
0.574496644295302
0.574496644295302
0.574496644295302
0.574496644295302
0.574496644295302
0.574496644295302
0.574496644295302
0.574496644295302
0.574496644295302
0.574496644295302
0.574496644295302
0.574496644295302
0.574496644295302
0.574496644295302
0.574496644295302
0.574496644295302
0.574496644295302
0.574496644295302
0.574496644295302
0.574496644295302
0.5026845637583892
0.5026845637583892
0.5026845637583892
0.5026845637583892
0.5026845637583892
0.5026845637583892
0.5026845637583892
0.5026845637583892
0.5026845637583892
0.5026845637583892
0.5026845637583892
0.5026845637583892
0.5026845637583892
0.5026845637583892
0.5026845637583892
0.5026845637583892
0.5026845637583892
0.5026845637583892
0.5026845637583892
0.5026845637583892
0.5026845637583892
0.5026845637583892
0.5026845637583892
0.5026845637583892
0.5026845637583892
0.5026845637583892
0.5026845637583892
0.4308724832214765
0.4308724832214765
0.4308724832214765
0.4308724832214765
0.4308724832214765
0.4308724832214765
0.4308724832214765
0.4308724832214765
0.4308724832214765
0.4308724832214765
0.4308724832214765
0.4308724832214765
0.4308724832214765
0.4308724832214765
0.4308724832214765
0.4308724832214765
0.4308724832214765
0.4308724832214765
0.4308724832214765
0.4308724832214765
0.4308724832214765
0.4308724832214765
0.4308724832214765
0.4308724832214765
0.4308724832214765
0.4308724832214765
0.4308724832214765
0.4308724832214765
0.4308724832214765
0.4308724832214765
0.4308724832214765
0.35906040268456374
0.35906040268456374
0.35906040268456374
0.35906040268456374
0.35906040268456374
0.35906040268456374
0.35906040268456374
0.35906040268456374
0.35906040268456374
0.35906040268456374
0.35906040268456374
0.35906040268456374
0.35906040268456374
0.35906040268456374
0.35906040268456374
0.35906040268456374
0.35906040268456374
0.35906040268456374
0.35906040268456374
0.35906040268456374
0.35906040268456374
0.35906040268456374
0.35906040268456374
0.35906040268456374
0.35906040268456374
0.35906040268456374
0.35906040268456374
0.35906040268456374
0.287248322147651
0.287248322147651
0.287248322147651
0.287248322147651
0.287248322147651
0.287248322147651
0.287248322147651
0.287248322147651
0.287248322147651
0.287248322147651
0.287248322147651
0.287248322147651
0.287248322147651
0.287248322147651
0.287248322147651
0.287248322147651
0.287248322147651
0.287248322147651
0.287248322147651
0.287248322147651
0.287248322147651
0.287248322147651
0.287248322147651
0.287248322147651
0.287248322147651
0.287248322147651
0.287248322147651
0.287248322147651
0.287248322147651
0.287248322147651
0.287248322147651
0.287248322147651
0.287248322147651
0.287248322147651
0.287248322147651
0.287248322147651
0.287248322147651
0.287248322147651
0.287248322147651
0.21543624161073824
0.21543624161073824
0.21543624161073824
0.21543624161073824
0.21543624161073824
0.21543624161073824
0.21543624161073824
0.21543624161073824
0.21543624161073824
0.21543624161073824
0.21543624161073824
0.21543624161073824
0.21543624161073824
0.21543624161073824
0.21543624161073824
0.21543624161073824
0.21543624161073824
0.21543624161073824
0.21543624161073824
0.21543624161073824
0.21543624161073824
0.21543624161073824
0.21543624161073824
0.21543624161073824
0.21543624161073824
0.21543624161073824
0.21543624161073824
0.21543624161073824
0.21543624161073824
0.21543624161073824
0.21543624161073824
0.21543624161073824
0.21543624161073824
0.21543624161073824
0.21543624161073824
0.21543624161073824
0.21543624161073824
0.21543624161073824
0.21543624161073824
0.21543624161073824
0.21543624161073824
0.21543624161073824
0.21543624161073824
0.21543624161073824
0.21543624161073824
0.21543624161073824
0.21543624161073824
0.21543624161073824
0.21543624161073824
0.21543624161073824
0.1436241610738255
0.1436241610738255
0.1436241610738255
0.1436241610738255
0.1436241610738255
0.1436241610738255
0.1436241610738255
0.1436241610738255
0.1436241610738255
0.1436241610738255
0.1436241610738255
0.1436241610738255
0.1436241610738255
0.1436241610738255
0.1436241610738255
0.1436241610738255
0.1436241610738255
0.1436241610738255
0.1436241610738255
0.1436241610738255
0.1436241610738255
0.1436241610738255
0.1436241610738255
0.1436241610738255
0.1436241610738255
0.1436241610738255
0.1436241610738255
0.1436241610738255
0.1436241610738255
0.1436241610738255
0.1436241610738255
0.1436241610738255
0.1436241610738255
0.1436241610738255
0.1436241610738255
0.1436241610738255
0.1436241610738255
0.1436241610738255
0.1436241610738255
0.1436241610738255
0.1436241610738255
0.1436241610738255
0.1436241610738255
0.1436241610738255
0.1436241610738255
0.1436241610738255
0.1436241610738255
0.1436241610738255
0.1436241610738255
0.1436241610738255
0.1436241610738255
0.1436241610738255
0.1436241610738255
0.1436241610738255
0.1436241610738255
0.1436241610738255
0.07181208053691275
0.07181208053691275
0.07181208053691275
0.07181208053691275
0.07181208053691275
0.07181208053691275
0.07181208053691275
0.07181208053691275
0.07181208053691275
0.07181208053691275
0.07181208053691275
0.07181208053691275
0.07181208053691275
0.07181208053691275
0.07181208053691275
0.07181208053691275
0.07181208053691275
0.07181208053691275
0.07181208053691275
0.07181208053691275
0.07181208053691275
0.07181208053691275
0.07181208053691275
0.07181208053691275
0.07181208053691275
0.07181208053691275
0.07181208053691275
0.07181208053691275
0.07181208053691275
0.07181208053691275
0.07181208053691275
0.07181208053691275
0.07181208053691275
0.07181208053691275
0.07181208053691275
0.07181208053691275
0.07181208053691275
0.07181208053691275
0.07181208053691275
0.07181208053691275
0.07181208053691275
0.07181208053691275
0.07181208053691275
0.07181208053691275
0.07181208053691275
0.07181208053691275
0.07181208053691275
0.07181208053691275
0.07181208053691275
0.07181208053691275
0.07181208053691275
0.07181208053691275
0.07181208053691275
0.07181208053691275
0.07181208053691275
0.07181208053691275
0.07181208053691275
0.07181208053691275
0.07181208053691275
0.07181208053691275
0.07181208053691275
0.07181208053691275
0.07181208053691275
0.07181208053691275
0.07181208053691275
0.07181208053691275
0.07181208053691275
0.07181208053691275
0.07181208053691275
0.07181208053691275
0.07181208053691275
0.07181208053691275
0.07181208053691275
0.07181208053691275
0.07181208053691275
0.07181208053691275
0.07181208053691275
0.07181208053691275
0.07181208053691275
0.07181208053691275
0.07181208053691275
0.07181208053691275
0.07181208053691275
0.07181208053691275
0.07181208053691275
0.07181208053691275
0.07181208053691275
