17.518282006385828
16.980636522813885
15.95014934596766
15.143681120609743
12.589865073643011
9.36399217221135
9.050365640127717
8.557523946853435
8.46791636625811
7.840663302090844
7.706251931197858
7.706251931197858
7.392625399114224
7.168606447625915
7.078998867030591
6.899783705839942
6.720568544649295
6.586157173756309
6.362138222267999
6.182923061077351
5.9141003192913795
5.824492738696056
5.779688948398394
5.645277577505407
5.510866206612421
5.421258626017098
5.0180245133381405
4.659594190956844
4.435575239468535
4.301163868575548
4.301163868575548
4.211556287980224
4.121948707384901
4.077144917087239
3.987537336491915
3.987537336491915
3.987537336491915
3.763518385003605
3.629107014110619
3.5843032238129573
3.4050880626223092
3.3602842723246473
3.3154804820269854
3.2706766917293235
3.1810691111339997
3.1810691111339997
3.1810691111339997
3.1810691111339997
3.1362653208363374
3.0466577402410135
3.0466577402410135
3.0018539499433516
3.0018539499433516
2.9570501596456897
2.867442579050366
2.867442579050366
2.8226387887527036
2.8226387887527036
2.8226387887527036
2.8226387887527036
2.7778349984550417
2.688227417859718
2.688227417859718
2.643423627562056
2.643423627562056
2.598619837264394
2.598619837264394
2.598619837264394
2.5090122566690702
2.5090122566690702
2.5090122566690702
2.5090122566690702
2.5090122566690702
2.5090122566690702
2.464208466371408
2.374600885776084
2.329797095478422
2.329797095478422
2.329797095478422
2.329797095478422
2.329797095478422
2.329797095478422
2.2401895148830984
2.2401895148830984
2.2401895148830984
2.2401895148830984
2.2401895148830984
2.150581934287774
2.150581934287774
2.105778143990112
2.0609743536924503
2.0609743536924503
1.9713667730971265
1.9265629827994646
1.9265629827994646
1.9265629827994646
1.8817591925018025
1.8817591925018025
1.8817591925018025
1.8369554022041406
1.8369554022041406
1.8369554022041406
1.8369554022041406
1.8369554022041406
1.8369554022041406
1.8369554022041406
1.8369554022041406
1.7921516119064786
1.7921516119064786
1.7921516119064786
1.7921516119064786
1.7473478216088165
1.7473478216088165
1.7473478216088165
1.7473478216088165
1.7473478216088165
1.7473478216088165
1.7473478216088165
1.7473478216088165
1.7473478216088165
1.7473478216088165
1.7473478216088165
1.7473478216088165
1.7473478216088165
1.7473478216088165
1.7473478216088165
1.7473478216088165
1.7025440313111546
1.7025440313111546
1.6577402410134927
1.6577402410134927
1.6129364507158308
1.6129364507158308
1.6129364507158308
1.6129364507158308
1.5681326604181687
1.5681326604181687
1.5681326604181687
1.5681326604181687
1.5681326604181687
1.5681326604181687
1.5681326604181687
1.5233288701205068
1.5233288701205068
1.5233288701205068
1.5233288701205068
1.5233288701205068
1.5233288701205068
1.5233288701205068
1.5233288701205068
1.4785250798228449
1.4785250798228449
1.4785250798228449
1.4785250798228449
1.433721289525183
1.433721289525183
1.433721289525183
1.3889174992275208
1.3889174992275208
1.3889174992275208
1.344113708929859
1.344113708929859
1.344113708929859
1.344113708929859
1.299309918632197
1.299309918632197
1.299309918632197
1.299309918632197
1.299309918632197
1.2545061283345351
1.2545061283345351
1.2545061283345351
1.2545061283345351
1.2545061283345351
1.2545061283345351
1.2545061283345351
1.2545061283345351
1.2545061283345351
1.2545061283345351
1.2545061283345351
1.209702338036873
1.209702338036873
1.209702338036873
1.209702338036873
1.164898547739211
1.164898547739211
1.164898547739211
1.164898547739211
1.164898547739211
1.164898547739211
1.164898547739211
1.164898547739211
1.164898547739211
1.164898547739211
1.164898547739211
1.164898547739211
1.164898547739211
1.164898547739211
1.164898547739211
1.164898547739211
1.164898547739211
1.164898547739211
1.164898547739211
1.164898547739211
1.164898547739211
1.164898547739211
1.164898547739211
1.164898547739211
1.164898547739211
1.164898547739211
1.1200947574415492
1.1200947574415492
1.1200947574415492
1.1200947574415492
1.075290967143887
1.075290967143887
1.075290967143887
1.075290967143887
1.075290967143887
1.0304871768462252
1.0304871768462252
0.9856833865485632
0.9856833865485632
0.9856833865485632
0.9856833865485632
0.9856833865485632
0.9856833865485632
0.9856833865485632
0.9856833865485632
0.9856833865485632
0.9856833865485632
0.9408795962509012
0.9408795962509012
0.9408795962509012
0.9408795962509012
0.9408795962509012
0.9408795962509012
0.9408795962509012
0.9408795962509012
0.9408795962509012
0.9408795962509012
0.9408795962509012
0.9408795962509012
0.9408795962509012
0.9408795962509012
0.9408795962509012
0.9408795962509012
0.9408795962509012
0.9408795962509012
0.9408795962509012
0.9408795962509012
0.9408795962509012
0.9408795962509012
0.9408795962509012
0.9408795962509012
0.9408795962509012
0.9408795962509012
0.9408795962509012
0.9408795962509012
0.9408795962509012
0.9408795962509012
0.8960758059532393
0.8960758059532393
0.8960758059532393
0.8960758059532393
0.8960758059532393
0.8960758059532393
0.8960758059532393
0.8512720156555773
0.8512720156555773
0.8512720156555773
0.8512720156555773
0.8512720156555773
0.8512720156555773
0.8512720156555773
0.8512720156555773
0.8512720156555773
0.8512720156555773
0.8512720156555773
0.8512720156555773
0.8512720156555773
0.8512720156555773
0.8512720156555773
0.8512720156555773
0.8512720156555773
0.8512720156555773
0.8512720156555773
0.8512720156555773
0.8512720156555773
0.8512720156555773
0.8512720156555773
0.8512720156555773
0.8512720156555773
0.8512720156555773
0.8512720156555773
0.8512720156555773
0.8512720156555773
0.8512720156555773
0.8512720156555773
0.8512720156555773
0.8512720156555773
0.8512720156555773
0.8512720156555773
0.8512720156555773
0.8512720156555773
0.8512720156555773
0.8512720156555773
0.8064682253579154
0.8064682253579154
0.8064682253579154
0.8064682253579154
0.8064682253579154
0.8064682253579154
0.8064682253579154
0.8064682253579154
0.8064682253579154
0.8064682253579154
0.8064682253579154
0.8064682253579154
0.8064682253579154
0.8064682253579154
0.8064682253579154
0.8064682253579154
0.8064682253579154
0.8064682253579154
0.8064682253579154
0.8064682253579154
0.8064682253579154
0.8064682253579154
0.8064682253579154
0.8064682253579154
0.8064682253579154
0.8064682253579154
0.8064682253579154
0.8064682253579154
0.8064682253579154
0.8064682253579154
0.8064682253579154
0.8064682253579154
0.8064682253579154
0.8064682253579154
0.8064682253579154
0.8064682253579154
0.8064682253579154
0.8064682253579154
0.8064682253579154
0.8064682253579154
0.8064682253579154
0.8064682253579154
0.8064682253579154
0.8064682253579154
0.8064682253579154
0.8064682253579154
0.7616644350602534
0.7616644350602534
0.7616644350602534
0.7616644350602534
0.7616644350602534
0.7616644350602534
0.7616644350602534
0.7616644350602534
0.7616644350602534
0.7616644350602534
0.7616644350602534
0.7616644350602534
0.7616644350602534
0.7616644350602534
0.7616644350602534
0.7616644350602534
0.7168606447625915
0.7168606447625915
0.7168606447625915
0.7168606447625915
0.7168606447625915
0.7168606447625915
0.7168606447625915
0.7168606447625915
0.7168606447625915
0.7168606447625915
0.7168606447625915
0.6720568544649295
0.6720568544649295
0.6720568544649295
0.6720568544649295
0.6720568544649295
0.6720568544649295
0.6272530641672676
0.6272530641672676
0.6272530641672676
0.6272530641672676
0.6272530641672676
0.6272530641672676
0.6272530641672676
0.6272530641672676
0.6272530641672676
0.6272530641672676
0.6272530641672676
0.5824492738696055
0.5824492738696055
0.5824492738696055
0.5824492738696055
0.5824492738696055
0.5824492738696055
0.5824492738696055
0.5824492738696055
0.5824492738696055
0.5824492738696055
0.5824492738696055
0.5824492738696055
0.5824492738696055
0.5824492738696055
0.5824492738696055
0.5824492738696055
0.5824492738696055
0.5824492738696055
0.5824492738696055
0.5824492738696055
0.5824492738696055
0.5824492738696055
0.5824492738696055
0.5824492738696055
0.5824492738696055
0.5824492738696055
0.5824492738696055
0.5824492738696055
0.5824492738696055
0.5376454835719435
0.5376454835719435
0.5376454835719435
0.5376454835719435
0.5376454835719435
0.5376454835719435
0.5376454835719435
0.5376454835719435
0.5376454835719435
0.5376454835719435
0.5376454835719435
0.5376454835719435
0.5376454835719435
0.5376454835719435
0.5376454835719435
0.5376454835719435
0.5376454835719435
0.5376454835719435
0.5376454835719435
0.4928416932742816
0.4928416932742816
0.4928416932742816
0.4928416932742816
0.4928416932742816
0.44803790297661966
0.44803790297661966
0.44803790297661966
0.44803790297661966
0.44803790297661966
0.44803790297661966
0.44803790297661966
0.44803790297661966
0.44803790297661966
0.44803790297661966
0.44803790297661966
0.44803790297661966
0.44803790297661966
0.44803790297661966
0.44803790297661966
0.44803790297661966
0.44803790297661966
0.44803790297661966
0.44803790297661966
0.44803790297661966
0.44803790297661966
0.4032341126789577
0.4032341126789577
0.4032341126789577
0.4032341126789577
0.4032341126789577
0.4032341126789577
0.4032341126789577
0.4032341126789577
0.4032341126789577
0.4032341126789577
0.4032341126789577
0.4032341126789577
0.4032341126789577
0.4032341126789577
0.4032341126789577
0.4032341126789577
0.4032341126789577
0.4032341126789577
0.4032341126789577
0.4032341126789577
0.4032341126789577
0.4032341126789577
0.4032341126789577
0.4032341126789577
0.4032341126789577
0.4032341126789577
0.4032341126789577
0.4032341126789577
0.35843032238129574
0.35843032238129574
0.35843032238129574
0.35843032238129574
0.35843032238129574
0.35843032238129574
0.35843032238129574
0.35843032238129574
0.35843032238129574
0.35843032238129574
0.35843032238129574
0.35843032238129574
0.35843032238129574
0.35843032238129574
0.35843032238129574
0.35843032238129574
0.35843032238129574
0.35843032238129574
0.35843032238129574
0.35843032238129574
0.35843032238129574
0.35843032238129574
0.35843032238129574
0.35843032238129574
0.35843032238129574
0.35843032238129574
0.35843032238129574
0.35843032238129574
0.35843032238129574
0.35843032238129574
0.35843032238129574
0.35843032238129574
0.35843032238129574
0.35843032238129574
0.35843032238129574
0.35843032238129574
0.35843032238129574
0.35843032238129574
0.35843032238129574
0.35843032238129574
0.35843032238129574
0.35843032238129574
0.35843032238129574
0.35843032238129574
0.35843032238129574
0.35843032238129574
0.3136265320836338
0.3136265320836338
0.3136265320836338
0.3136265320836338
0.3136265320836338
0.3136265320836338
0.3136265320836338
0.3136265320836338
0.3136265320836338
0.3136265320836338
0.3136265320836338
0.3136265320836338
0.3136265320836338
0.3136265320836338
0.3136265320836338
0.3136265320836338
0.3136265320836338
0.3136265320836338
0.3136265320836338
0.3136265320836338
0.3136265320836338
0.3136265320836338
0.3136265320836338
0.3136265320836338
0.3136265320836338
0.3136265320836338
0.3136265320836338
0.3136265320836338
0.3136265320836338
0.3136265320836338
0.3136265320836338
0.3136265320836338
0.3136265320836338
0.3136265320836338
0.3136265320836338
0.3136265320836338
0.3136265320836338
0.3136265320836338
0.3136265320836338
0.3136265320836338
0.3136265320836338
0.3136265320836338
0.3136265320836338
0.3136265320836338
0.3136265320836338
0.3136265320836338
0.3136265320836338
0.3136265320836338
0.3136265320836338
0.3136265320836338
0.3136265320836338
0.3136265320836338
0.3136265320836338
0.3136265320836338
0.26882274178597176
0.26882274178597176
0.26882274178597176
0.26882274178597176
0.26882274178597176
0.26882274178597176
0.26882274178597176
0.26882274178597176
0.26882274178597176
0.26882274178597176
0.26882274178597176
0.26882274178597176
0.26882274178597176
0.26882274178597176
0.26882274178597176
0.26882274178597176
0.26882274178597176
0.26882274178597176
0.26882274178597176
0.26882274178597176
0.26882274178597176
0.22401895148830983
0.22401895148830983
0.22401895148830983
0.22401895148830983
0.22401895148830983
0.22401895148830983
0.22401895148830983
0.22401895148830983
0.22401895148830983
0.22401895148830983
0.22401895148830983
0.22401895148830983
0.22401895148830983
0.22401895148830983
0.22401895148830983
0.22401895148830983
0.22401895148830983
0.22401895148830983
0.22401895148830983
0.22401895148830983
0.22401895148830983
0.22401895148830983
0.22401895148830983
0.22401895148830983
0.22401895148830983
0.22401895148830983
0.22401895148830983
0.22401895148830983
0.22401895148830983
0.22401895148830983
0.22401895148830983
0.22401895148830983
0.17921516119064787
0.17921516119064787
0.17921516119064787
0.17921516119064787
0.17921516119064787
0.17921516119064787
0.17921516119064787
0.17921516119064787
0.17921516119064787
0.17921516119064787
0.17921516119064787
0.17921516119064787
0.17921516119064787
0.17921516119064787
0.17921516119064787
0.17921516119064787
0.17921516119064787
0.17921516119064787
0.17921516119064787
0.17921516119064787
0.17921516119064787
0.17921516119064787
0.17921516119064787
0.17921516119064787
0.17921516119064787
0.17921516119064787
0.17921516119064787
0.17921516119064787
0.17921516119064787
0.17921516119064787
0.17921516119064787
0.17921516119064787
0.17921516119064787
0.17921516119064787
0.17921516119064787
0.17921516119064787
0.17921516119064787
0.17921516119064787
0.13441137089298588
0.13441137089298588
0.13441137089298588
0.13441137089298588
0.13441137089298588
0.13441137089298588
0.13441137089298588
0.13441137089298588
0.13441137089298588
0.13441137089298588
0.13441137089298588
0.13441137089298588
0.13441137089298588
0.13441137089298588
0.13441137089298588
0.13441137089298588
0.13441137089298588
0.13441137089298588
0.13441137089298588
0.13441137089298588
0.13441137089298588
0.13441137089298588
0.13441137089298588
0.13441137089298588
0.13441137089298588
0.13441137089298588
0.13441137089298588
0.13441137089298588
0.13441137089298588
0.13441137089298588
0.13441137089298588
0.13441137089298588
0.13441137089298588
0.13441137089298588
0.13441137089298588
0.13441137089298588
0.13441137089298588
0.13441137089298588
0.13441137089298588
0.13441137089298588
0.13441137089298588
0.13441137089298588
0.13441137089298588
0.13441137089298588
0.13441137089298588
0.13441137089298588
0.13441137089298588
0.13441137089298588
0.13441137089298588
0.13441137089298588
0.08960758059532394
0.08960758059532394
0.08960758059532394
0.08960758059532394
0.08960758059532394
0.08960758059532394
0.08960758059532394
0.08960758059532394
0.08960758059532394
0.08960758059532394
0.08960758059532394
0.08960758059532394
0.08960758059532394
0.08960758059532394
0.08960758059532394
0.08960758059532394
0.08960758059532394
0.08960758059532394
0.08960758059532394
0.08960758059532394
0.08960758059532394
0.08960758059532394
0.08960758059532394
0.08960758059532394
0.08960758059532394
0.08960758059532394
0.08960758059532394
0.08960758059532394
0.08960758059532394
0.08960758059532394
0.08960758059532394
0.08960758059532394
0.08960758059532394
0.08960758059532394
0.08960758059532394
0.08960758059532394
0.08960758059532394
0.08960758059532394
0.08960758059532394
0.08960758059532394
0.08960758059532394
0.08960758059532394
0.08960758059532394
0.08960758059532394
0.08960758059532394
0.08960758059532394
0.04480379029766197
0.04480379029766197
0.04480379029766197
0.04480379029766197
0.04480379029766197
0.04480379029766197
0.04480379029766197
0.04480379029766197
0.04480379029766197
0.04480379029766197
0.04480379029766197
0.04480379029766197
0.04480379029766197
0.04480379029766197
0.04480379029766197
0.04480379029766197
0.04480379029766197
0.04480379029766197
0.04480379029766197
0.04480379029766197
0.04480379029766197
0.04480379029766197
0.04480379029766197
0.04480379029766197
0.04480379029766197
0.04480379029766197
0.04480379029766197
0.04480379029766197
0.04480379029766197
0.04480379029766197
0.04480379029766197
0.04480379029766197
0.04480379029766197
0.04480379029766197
0.04480379029766197
0.04480379029766197
0.04480379029766197
0.04480379029766197
0.04480379029766197
0.04480379029766197
0.04480379029766197
0.04480379029766197
0.04480379029766197
0.04480379029766197
